% MCMC - Metropolis Hastings
%% actual measurement reading: the observed value


N_Samples = 1000;
% sigma_obs_initial = 5; % in mm ~ usually the bond radius is 0.05 mm

b2_ = 0.056; % Model parameter for temp. dependent viscosity
b2_l = 0.016; b2_r = 0.066;
roC = 1040*1290; % Model parameter for temp. dependent viscosity
roC_l = 1000*1100; roC_r = 1100*2000;
sigma_obs_initial = 0.05; % in mm ~ usually the bond radius is 0.05 mm
layer = 6;
% measured neck radii, written in interface order starting from the 1st
% layer in mm
% bond_test = [0.23368,0.37084,0.42672,0.49276,0.47244,0.51562,0.45466,...
%     0.52832,0.4064,0.4572,


Sample_Temp_Speed = 1.0*[234 34; 219 23; 242 26;
                         223 29; 247 37; 255 36;...
                         252 21];
                     
                     
% [t234s34_3_temps.mat; t219s23_4_temps.mat; t242s26_1_temps.mat; 
% t223s29_4_temps.mat; t247s37_1_temps.mat; t255s46_1_temps.mat;
% t252s21_1_temps.mat;]

bond_test = [0.38862,0.4318,0.42164,0.46736,0.47752,0.51816,0.49784,0.5207,0.51562,0.48514,0.4699,0.44704,0.40132,0.40132;...
0.44958,0.55372,0.56134,0.57404,0.5461,0.59182,0.53848,0.54356,0.49276,0.49276,0.46228,0.39624,0.39878,0.46228;...
0.3937,0.55626,0.56388,0.60706,0.56388,0.5334,0.4953,0.45466,0.4826,0.46736,0.4445,0.3175,0.35052,0.38608;...
0.39116,0.51562,0.52578,0.63246,0.60198,0.55118,0.47244,0.4826,0.46736,0.48006,0.46228,0.39116,0.38608,0.381;...
0.4318,0.5207,0.59436,0.50546,0.58928,0.53848,0.4826,0.4699,0.4572,0.4191,0.44958,0.42164,0.3683,0.39116;...
0.36576,0.42418,0.52578,0.52324,0.51816,0.53848,0.50292,0.49276,0.42418,0.4445,0.40132,0.39624,0.3556,0.34036;...
    

0.43173904,0.48947324,0.50493422,0.50115724,0.5785358,0.61870336,0.58698384,0.62997842,0.59888374,0.6147689,0.60409836,0.49989232,0.41950894,0.5190998;...
0.519049,0.5785739,0.58913014,0.58656982,0.56373014,0.56924956,0.56672988,0.60197746,0.60713874,0.61403738,0.53280564,0.56506872,0.45573442,0.42179748;...
0.46244256,0.61880242,0.58718196,0.6180201,0.61208158,0.61346588,0.58089038,0.58718196,0.5451729,0.56220868,0.5415026,0.5354193,0.4821936,0.4835652;...
0.462407,0.56802274,0.5750433,0.60108592,0.61307218,0.62429644,0.55603902,0.61515244,0.57609994,0.5856859,0.55785258,0.52633118,0.50043842,0.4701286;...
0.49094136,0.5489702,0.55971948,0.58943494,0.5979033,0.5921502,0.56146446,0.57645046,0.59953398,0.58283602,0.54763924,0.5282946,0.48722788,0.46245272;...
0.44813474,0.52808124,0.53608478,0.59736736,0.53349144,0.57643268,0.53484272,0.54762654,0.5466842,0.56845962,0.53246782,0.5312156,0.49306734,0.45228002;...

0.54150768,0.54807358,0.55617364,0.52196238,0.535178,0.56175656,0.6057011,0.63568072,0.63545974,0.66295778,0.5824982,0.58606944,0.51688238,0.54834028;...
0.56591708,0.6246876,0.62308486,0.64505586,0.61932566,0.62021974,0.61256164,0.60204096,0.62856872,0.69019166,0.67615816,0.65758568,0.58494422,0.59459622;...
0.54873398,0.62010544,0.6432677,0.67705732,0.69760592,0.66809874,0.65692782,0.67513708,0.6311773,0.64018668,0.64587628,0.6138799,0.59119008,0.60037472;...
0.57531,0.63385446,0.68160646,0.70896734,0.72745092,0.69035676,0.71760314,0.68299584,0.68746624,0.67827652,0.67199002,0.61706252,0.60833,0.60790836;...
0.52084986,0.67046602,0.6428105,0.65814194,0.62973712,0.64737996,0.68527422,0.71647304,0.6893941,0.61033406,0.65337944,0.69042534,0.64621156,0.62503304;...
0.49080928,0.59097164,0.58768996,0.61816234,0.64793622,0.64242188,0.62777624,0.66053462,0.6208141,0.64635888,0.68806822,0.6163056,0.58142886,0.58870596;...

0.4350004,0.500507,0.5303901,0.5480177,0.56173878,0.5689981,0.56482742,0.55253636,0.5595874,0.58387234,0.5161915,0.4612513,0.43331384,0.42196766;...
0.44862242,0.58602118,0.61177678,0.61554868,0.61158628,0.60180982,0.57809638,0.57933844,0.52659534,0.54688994,0.53090064,0.47236634,0.44041314,0.4378452;...
0.41031922,0.51967384,0.54105556,0.58049414,0.58480452,0.61651642,0.55451756,0.50642266,0.4874387,0.527685,0.45568362,0.42885868,0.43361102,0.44055284;...
0.3909949,0.52229004,0.56043068,0.53613558,0.56969914,0.56820816,0.51941222,0.51244246,0.47563786,0.48608742,0.42275252,0.3707257,0.35813238,0.37316664;...
0.4121785,0.5350637,0.590423,0.56943752,0.59579002,0.52862988,0.4997196,0.47566834,0.50154332,0.5381117,0.47614586,0.35383216,0.30835092,0.34651696;...
0.38857936,0.49550828,0.54940708,0.56415686,0.53723032,0.54927246,0.51648614,0.49673256,0.48010064,0.50453798,0.47772828,0.44153836,0.3950335,0.34187638;...


0.48697642,0.54173628,0.58204354,0.6334506,0.71483728,0.70277228,0.686181,0.685673,0.69745606,0.7117207,0.6978523,0.65822068,0.6735318,0.64583056;...
0.44146216,0.5521833,0.56614314,0.63512192,0.6039866,0.55593488,0.55131462,0.57001918,0.55765192,0.56694324,0.5634482,0.5281803,0.51191414,0.520954;...
0.44977304,0.49388776,0.5610225,0.60408566,0.56909462,0.59820302,0.57758838,0.54587394,0.56660796,0.53937408,0.49987708,0.47286418,0.43899582,0.46756828;...
0.47943516,0.54695598,0.60337192,0.61815472,0.63889128,0.59216798,0.5971667,0.54893972,0.56864758,0.60009786,0.51827938,0.47008034,0.45374814,0.46762416;...
0.44791884,0.56211724, 0.5443347,0.57093612,0.4236974,0.59906408,0.48954944,0.50017172,0.47689516,0.54124352,0.45867574,0.47834296,0.37190172,0.44401232;...
0.4414266,0.51579272,0.54539642,0.6175502,0.59111134,0.5808218,0.52012596,0.51555904,0.55867808,0.55106316,0.49651158,0.502412,0.4172331,0.37376862;...

0.4003802,0.46118272,0.52152296,0.55893716,0.5373243,0.54146196,0.52077874,0.51377596,0.50603658,0.4873244,0.4704969,0.40757856,0.33943544,0.34058098;...
0.45451522,0.52318666,0.55244492,0.59022996,0.54899306,0.50519076,0.31620206,0.38583108,0.38320472,0.42009822,0.38410388,0.34455354,0.28713684,0.28238196;...
0.45597318,0.59106816,0.5774944,0.62265306,0.57917334,0.47201328,0.25991312,0.3564382,0.3927094,0.37080952,0.36638992,0.34158174,0.30037786,0.25989026;...
0.42583608,0.5380609,0.58333386,0.51698144,0.6286373,0.46335188,0.35287204,0.36197794,0.32757618,0.39344854,0.36700714,0.37292026,0.26477722,0.23824692;...
0.4367911,0.45451522,0.52296314,0.59928252,0.60136024,0.44869608,0.39428166,0.33972246,0.35554666,0.4014597,0.41152826,0.34999168,0.26832306,0.24936704;...
0.39101268,0.44653708,0.51600608,0.50715418,0.57846976,0.51341274,0.34140902,0.40498014,0.38158166,0.44459652,0.4210939,0.37876988,0.27357578,0.26587704;...


0.5518912,0.6269736,0.657606,0.68438776,0.6373876,0.6759194,0.70395338,0.61932312,0.70766178,0.70857872,0.64976502,0.6629146,0.62848236,0.74328782;...
0.57904888,0.59551824,0.6766306,0.66521838,0.68699888,0.72004174,0.78422754,0.72168004,0.69519546,0.69670168,0.59077352,0.63762128,0.53293772,0.71866506;...
0.56349646,0.63391034,0.66410586,0.65397634,0.64886078,0.67883532,0.67612006,0.64920368,0.62444884,0.64120776,0.63840106,0.63662306,0.63966852,0.66999104;...
0.5063109,0.61478668,0.71725028,0.69045836,0.76191364,0.64057784,0.73488042,0.70996302,0.70214744,0.65829688,0.6385814,0.62281054,0.581787,0.60792614;...
0.55894986,0.66879978,0.44379642,0.70409054,0.72319896,0.75304904,0.70470268,0.71902828,0.66672968,0.65223898,0.58577226,0.56827166,0.59377834,0.61651896;...
0.48673004,0.58683906,0.66327528,0.63945262,0.6787769,0.66257424,0.72108822,0.69915278,0.75986894,0.73452736,0.69030596,0.61689742,0.58194448,0.65120012]/2;



% numInt = size(bond_test,2);

% 
% % import temperature data
% Temp.S1 = load('.\Experiment_Analytical_Abaqus\T234S34-selected\t234s34_3_temps.mat');
% Temp.S2 = load('.\Experiment_Analytical_Abaqus\T219S23-selected\t219s23_4_temps.mat');
% Temp.S3 = load('.\Experiment_Analytical_Abaqus\T242S26-selected\t242s26_1_temps.mat');
% Temp.S4 = load('.\Experiment_Analytical_Abaqus\T223S29-selected\t223s29_4_temps.mat');
% Temp.S5 = load('.\Experiment_Analytical_Abaqus\T247S37-selected\t247s37_1_temps.mat');
% Temp.S6 = load('.\Experiment_Analytical_Abaqus\T255S46-selected\t255s46_1_temps.mat');
% Temp.S7 = load('.\Experiment_Analytical_Abaqus\T252S21-selected\t252s21_1_temps.mat');



